0 0.8196856906534327 0.35545905707196035 0.051282051282051336 0.03598014888337468
2 0.8535980148883375 0.38895781637717125 0.043010752688172005 0.03349875930521096
2 0.9685690653432589 0.40198511166253104 0.0479735318444997 0.032258064516129004
2 0.739454094292804 0.40446650124069483 0.043010752688172005 0.032258064516129004
2 0.794044665012407 0.4280397022332506 0.056244830438378794 0.037220843672456635
2 0.9817708333333334 0.451953125 0.036458333333333336 0.04140625
2 0.8800661703887511 0.45843672456575685 0.06617038875103394 0.048387096774193596
3 0.5698924731182796 0.47084367245657577 0.02481389578163776 0.04094292803970223
3 0.6666666666666666 0.47704714640198514 0.02315963606286194 0.03598014888337477
3 0.8031430934656743 0.4820099255583127 0.03143093465674104 0.04590570719602986
3 0.7361455748552523 0.48263027295285366 0.029776674937965215 0.03970223325062037
3 0.9867659222497933 0.5024813895781638 0.02481389578163776 0.04466501240694783
3 0.7526881720430108 0.5359801488833746 0.03970223325062037 0.06203473945409428
3 0.7518610421836229 0.5471464019851118 0.03143093465674104 0.037220843672456635
3 0.8362282878411911 0.575682382133995 0.03473945409429291 0.052109181141439184
3 0.9710504549214227 0.6656327543424319 0.04962779156327552 0.07568238213399496
2 0.6865177832919769 0.6817617866004964 0.19520264681554997 0.19478908188585606
0 0.2746071133167908 0.6867245657568238 0.46650124069478915 0.3734491315136477
3 0.5103391232423492 0.7289081885856079 0.054590570719603035 0.07568238213399496
