2 0.7421875 0.16898148148148145 0.021875 0.030555555555555555
3 0.6606770833333333 0.3189814814814815 0.021354166666666608 0.058333333333333334
2 0.81328125 0.3324074074074074 0.0661458333333333 0.07962962962962965
3 0.7247395833333333 0.3643518518518518 0.036979166666666605 0.08240740740740742
3 0.584375 0.37083333333333335 0.030208333333333393 0.06388888888888888
2 0.8033854166666666 0.45694444444444443 0.0901041666666667 0.15462962962962967
3 0.6450520833333333 0.48981481481481476 0.041145833333333395 0.059259259259259206
3 0.4533854166666666 0.5430555555555555 0.046354166666666606 0.09907407407407412
3 0.6385416666666666 0.6074074074074074 0.04270833333333339 0.10555555555555556
2 0.76875 0.6532407407407407 0.1333333333333333 0.2916666666666666
3 0.503125 0.8763888888888889 0.0729166666666666 0.12870370370370382
