2 0.7518610421836229 0.29714640198511166 0.02481389578163776 0.016129032258064502
2 0.6600496277915633 0.3052109181141439 0.02646815550041358 0.019851116625310184
7 0.7981803143093467 0.3207196029776675 0.038047973531844546 0.038461538461538505
2 0.7245657568238214 0.3380893300248139 0.03970223325062037 0.03598014888337468
2 0.7038875103391233 0.3610421836228288 0.0479735318444997 0.029776674937965274
2 0.8444995864350704 0.36910669975186106 0.05459057071960297 0.038461538461538505
2 0.794044665012407 0.4317617866004963 0.08271298593879237 0.05707196029776682
3 0.13647642679900746 0.501240694789082 0.03804797353184449 0.04714640198511173
3 0.015715467328370553 0.5124069478908189 0.03143093465674111 0.06699751861042191
2 0.1902398676592225 0.6042183622828785 0.16542597187758476 0.09429280397022329
2 0.3639371381306865 0.6575682382133995 0.20181968569065348 0.14392059553349873
2 0.631100082712986 0.6674937965260546 0.15715467328370564 0.1191066997518611
