2 0.7411458333333333 0.16805555555555557 0.022916666666666606 0.02870370370370371
2 0.74765625 0.3074074074074074 0.0546875 0.08333333333333333
2 0.8135416666666666 0.32129629629629625 0.060416666666666695 0.06666666666666667
3 0.6200520833333333 0.3625 0.025520833333333392 0.07129629629629632
2 0.8044270833333332 0.4435185185185185 0.0901041666666667 0.15
3 0.5361979166666666 0.4671296296296296 0.0453125 0.09722222222222222
3 0.3341145833333333 0.5958333333333333 0.0630208333333333 0.125
3 0.6395833333333333 0.6453703703703704 0.04270833333333339 0.11481481481481476
2 0.76875 0.6532407407407407 0.134375 0.28981481481481475
3 0.36328125 0.7560185185185184 0.09010416666666665 0.21944444444444444
