2 0.9727047146401986 0.2673697270471464 0.05293631100082716 0.05583126550868487
3 0.7105045492142267 0.27915632754342434 0.038047973531844546 0.04714640198511164
2 0.5723738626964433 0.3008684863523573 0.13234077750206788 0.1228287841191067
2 0.9776674937965261 0.33002481389578164 0.043010752688172005 0.08436724565756828
2 0.7659222497932175 0.33436724565756826 0.1191066997518611 0.08560794044665014
3 0.40942928039702237 0.35173697270471466 0.04797353184449958 0.06823821339950369
3 0.8759305210918115 0.35980148883374696 0.04135649296939618 0.05707196029776673
2 0.5814722911497106 0.3796526054590571 0.16046319272125728 0.10918114143920592
3 0.15467328370554176 0.4230769230769231 0.04135649296939618 0.05459057071960296
2 0.5856079404466501 0.47332506203473945 0.19189412737799832 0.1451612903225806
3 0.9363110008271299 0.4795285359801489 0.056244830438378794 0.07320099255583123
3 0.07113316790736146 0.4832506203473946 0.05624483043837882 0.07320099255583123
3 0.3424317617866005 0.5043424317617866 0.06617038875103394 0.10049627791563279
3 0.2415219189412738 0.5738213399503722 0.06947890818858564 0.038461538461538505
3 0.39205955334987597 0.6160049627791564 0.07609594706368898 0.10545905707196024
3 0.08436724565756824 0.6339950372208437 0.06947890818858561 0.09429280397022329
2 0.22911497105045492 0.6805210918114144 0.2663358147229115 0.1873449131513647
3 0.48387096774193555 0.7220843672456576 0.10090984284532674 0.12158808933002482
3 0.21009098428453268 0.8021091811414391 0.09925558312655086 0.13771712158808924
3 0.4276261373035567 0.8325062034739454 0.13399503722084372 0.12158808933002482
3 0.9379652605459057 0.8399503722084368 0.10587262200165432 0.11414392059553355
3 0.6087675765095121 0.891439205955335 0.13564929693961952 0.14019851116625298
2 0.2630272952853598 0.40446650124069483 0.19851116625310178 0.19230769230769235
