2 0.641852770885029 0.13337468982630274 0.04631927212572364 0.03598014888337468
2 0.5566583953680728 0.1358560794044665 0.05459057071960297 0.04094292803970223
2 0.7038875103391233 0.1705955334987593 0.057899090157154616 0.04094292803970223
2 0.5607940446650125 0.19168734491315137 0.07278742762613728 0.05583126550868485
2 0.6377171215880894 0.47332506203473945 0.17700578990901572 0.15012406947890825
2 0.09925558312655088 0.4857320099255584 0.19851116625310175 0.1699751861042184
2 0.5343258891645989 0.09739454094292804 0.03639371381306867 0.023573200992555842
2 0.6939619520264682 0.10421836228287842 0.03473945409429291 0.02481389578163773
2 0.33250620347394544 0.11228287841191067 0.03308519437551697 0.03101736972704714
2 0.5748552522746072 0.11538461538461539 0.03473945409429291 0.027295285359801504
