2 0.6600496277915633 0.1600496277915633 0.02315963606286194 0.01736972704714641
2 0.6269644334160465 0.1600496277915633 0.019851116625310066 0.012406947890818865
2 0.5913978494623656 0.20719602977667498 0.04135649296939618 0.02729528535980148
3 0.48138957816377176 0.21526054590570723 0.01323407775020679 0.023573200992555866
3 0.2622001654259719 0.22890818858560796 0.021505376344086034 0.02853598014888341
3 0.07526881720430108 0.2710918114143921 0.021505376344086034 0.03598014888337468
3 0.19272125723738628 0.27543424317617865 0.021505376344086002 0.029776674937965274
3 0.11000827129859389 0.29714640198511166 0.028122415219189425 0.03598014888337468
2 0.5475599669148057 0.30210918114143925 0.07609594706368904 0.06079404466501241
3 0.009098428453267164 0.3790322580645161 0.018196856906534328 0.048387096774193505
2 0.7187758478081059 0.5341191066997519 0.22001654259718773 0.22952853598014897
