2 0.489660876757651 0.16749379652605462 0.043010752688172005 0.027295285359801504
2 0.6153846153846154 0.23945409429280398 0.06286186931348231 0.03970223325062037
2 0.44995864350703063 0.3014888337468983 0.08602150537634413 0.06203473945409428
2 0.6253101736972705 0.3052109181141439 0.09925558312655079 0.08188585607940446
3 0.3143093465674111 0.36600496277915634 0.03308519437551697 0.042183622828784094
3 0.3970223325062035 0.36662531017369726 0.03308519437551697 0.04590570719602978
3 0.13647642679900746 0.3802729528535981 0.03804797353184449 0.04094292803970223
3 0.7741935483870968 0.3870967741935484 0.043010752688172005 0.05955334987593055
3 0.22167080231596362 0.38833746898263033 0.03308519437551697 0.04466501240694791
3 0.26054590570719605 0.391439205955335 0.04135649296939618 0.07816377171215882
2 0.5773366418527709 0.39205955334987597 0.12241521918941274 0.08684863523573205
3 0.25971877584780806 0.4075682382133995 0.03308519437551694 0.04590570719602982
3 0.17369727047146405 0.4373449131513648 0.04962779156327546 0.04590570719602986
3 0.44830438378825477 0.4392059553349876 0.049627791563275396 0.0744416873449131
3 0.3664185277088503 0.4485111662531017 0.05459057071960297 0.06575682382133988
2 0.9247311827956989 0.4683622828784119 0.14888337468982632 0.15012406947890825
3 0.03556658395368073 0.4702233250620348 0.041356492969396204 0.05459057071960292
2 0.20926385442514478 0.511786600496278 0.1968569065343259 0.12779156327543434
3 0.6013234077750208 0.5576923076923077 0.07775020678246491 0.08560794044665006
2 0.3548387096774194 0.7165012406947892 0.29280397022332505 0.27667493796526055
3 0.6980976013234078 0.7338709677419355 0.08271298593879237 0.16004962779156334
3 0.959375 0.790625 0.08125 0.1328125
2 0.041356492969396204 0.8002481389578164 0.08271298593879241 0.22828784119106693
