2 0.7419270833333333 0.16805555555555557 0.022395833333333393 0.02870370370370371
2 0.8255208333333333 0.24490740740740738 0.034375 0.037962962962962934
3 0.7552083333333333 0.28425925925925927 0.019791666666666607 0.048148148148148176
2 0.8151041666666666 0.3314814814814815 0.06875 0.07592592592592595
3 0.5877604166666666 0.38055555555555554 0.031770833333333394 0.07592592592592591
3 0.6309895833333333 0.3810185185185185 0.027604166666666607 0.060185185185185196
2 0.8028645833333332 0.45879629629629626 0.0911458333333333 0.17129629629629634
3 0.615625 0.5407407407407407 0.048958333333333395 0.1018518518518519
2 0.76875 0.6532407407407407 0.1333333333333333 0.29351851851851857
3 0.61953125 0.7875 0.0578125 0.13796296296296287
