2 0.6468155500413565 0.1284119106699752 0.029776674937965215 0.018610421836228276
7 0.13895781637717122 0.1805210918114144 0.07940446650124072 0.06575682382133996
3 0.2919768403639372 0.1817617866004963 0.014888337468982608 0.02357320099255582
2 0.6608767576509513 0.1935483870967742 0.038047973531844546 0.02729528535980148
2 0.6211745244003309 0.21526054590570723 0.05459057071960297 0.043424317617866026
3 0.3184449958643507 0.2698511166253102 0.02481389578163776 0.04094292803970223
7 0.46401985111662536 0.29714640198511166 0.09098428453267159 0.11538461538461542
2 0.6865177832919769 0.3318858560794045 0.09263854425144752 0.06575682382133996
3 0.03556658395368073 0.3635235732009926 0.02812241521918941 0.03722084367245655
2 0.8213399503722084 0.5353598014888338 0.20678246484698093 0.15756823821339944
3 0.03556658395368073 0.9143920595533499 0.07113316790736146 0.15136476426798992
