3 0.055417700578990904 0.14392059553349876 0.024813895781637715 0.029776674937965274
7 0.5252274607113316 0.01612903225806452 0.03804797353184449 0.029776674937965264
2 0.49545078577336643 0.16253101736972705 0.0711331679073614 0.06203473945409428
7 0.7799834574028123 0.2655086848635236 0.1902398676592225 0.14143920595533502
2 0.4764267990074442 0.05459057071960298 0.049627791563275396 0.04466501240694789
2 0.4143920595533499 0.05459057071960298 0.04135649296939618 0.02977667493796527
2 0.6087675765095121 0.5552109181141439 0.23159636062861869 0.1997518610421837
2 0.18444995864350705 0.06947890818858561 0.04466501240694788 0.032258064516129024
2 0.2903225806451613 0.11662531017369729 0.06120760959470637 0.04714640198511165
7 0.489660876757651 0.11786600496277917 0.08271298593879237 0.06451612903225806
