3 0.33912324234904884 0.14205955334987594 0.02646815550041358 0.033498759305210915
7 0.5732009925558313 0.16377171215880898 0.08767576509512001 0.08684863523573202
2 0.05210918114143922 0.1978908188585608 0.07444168734491316 0.05583126550868487
3 0.23407775020678248 0.22952853598014888 0.03143093465674109 0.042183622828784094
3 0.2878411910669975 0.3964019851116626 0.04631927212572376 0.058312655086848686
2 0.5020678246484699 0.04156327543424318 0.028122415219189397 0.021091811414392057
2 0.7402812241521919 0.4702233250620348 0.22994210090984288 0.20347394540942929
2 0.5591397849462366 0.05024813895781638 0.03308519437551685 0.028535980148883384
3 0.348221670802316 0.5241935483870968 0.057899090157154734 0.08064516129032259
2 0.45574855252274615 0.06079404466501241 0.02481389578163776 0.019851116625310184
2 0.4342431761786601 0.07009925558312655 0.04135649296939618 0.03101736972704714
2 0.8643507030603806 0.7301488833746899 0.26964433416046324 0.2642679900744417
3 0.34408602150537637 0.08312655086848636 0.016542597187758426 0.022332506203473955
2 0.511993382961125 0.08622828784119108 0.04135649296939618 0.03101736972704714
7 0.05045492142266336 0.08870967741935484 0.057899090157154685 0.04590570719602978
