2 0.74140625 0.16898148148148145 0.022395833333333393 0.030555555555555555
2 0.825 0.2185185185185185 0.033333333333333215 0.03703703703703706
2 0.8020833333333333 0.2763888888888889 0.07708333333333331 0.08055555555555556
2 0.8135416666666666 0.32916666666666666 0.0666666666666667 0.075
3 0.6375 0.33287037037037037 0.023958333333333394 0.062037037037037064
2 0.7231770833333333 0.3574074074074074 0.0890625 0.12407407407407409
2 0.8026041666666666 0.4421296296296296 0.0895833333333333 0.14907407407407414
3 0.4755208333333333 0.5504629629629629 0.048958333333333395 0.12314814814814809
3 0.3833333333333333 0.6101851851851852 0.0625 0.12222222222222222
2 0.76875 0.6523148148148148 0.134375 0.2916666666666667
3 0.409375 0.7078703703703704 0.07291666666666666 0.17870370370370373
