2 0.7419270833333333 0.16898148148148145 0.0203125 0.02870370370370371
2 0.678125 0.22407407407407404 0.03229166666666661 0.03703703703703706
2 0.82421875 0.24583333333333332 0.03385416666666678 0.037962962962962934
2 0.6955729166666667 0.26620370370370366 0.04010416666666661 0.058333333333333334
2 0.7627604166666666 0.2708333333333333 0.05052083333333339 0.06759259259259262
2 0.8143229166666666 0.3263888888888889 0.0640625 0.09166666666666666
3 0.7174479166666666 0.3273148148148148 0.022395833333333393 0.05648148148148151
3 0.5872395833333333 0.3379629629629629 0.022395833333333393 0.06296296296296297
2 0.8026041666666666 0.4578703703703703 0.0895833333333333 0.175
3 0.6348958333333333 0.587037037037037 0.054166666666666606 0.08703703703703698
