0 0.3236607142857143 0.53125 0.08258928571428567 0.20982142857142846
0 0.5267857142857143 0.5502232142857143 0.08258928571428577 0.22321428571428575
0 0.3872767857142857 0.5401785714285714 0.06919642857142856 0.21651785714285712
0 0.21316964285714288 0.5245535714285714 0.09375 0.23883928571428575
0 0.4743303571428571 0.5502232142857143 0.08482142857142864 0.24107142857142866
0 0.42299107142857145 0.5613839285714286 0.08258928571428577 0.25669642857142866
0 0.7377232142857143 0.6160714285714286 0.10491071428571423 0.28571428571428575
0 0.90625 0.6629464285714286 0.1428571428571427 0.3415178571428571
0 0.08147321428571429 0.6216517857142858 0.16294642857142858 0.5379464285714285
0 0.5904017857142858 0.7042410714285714 0.23660714285714288 0.5870535714285714
