2 0.7421875 0.1689453125 0.021484375 0.0302734375
7 0.6611328125 0.3193359375 0.021484375 0.05859375
2 0.8134765625 0.33203125 0.06640625 0.080078125
7 0.724609375 0.3642578125 0.037109375 0.08203125
7 0.583984375 0.37109375 0.0302734375 0.0634765625
2 0.8037109375 0.45703125 0.08984375 0.154296875
7 0.6455078125 0.490234375 0.041015625 0.0595703125
7 0.453125 0.54296875 0.0458984375 0.0986328125
7 0.638671875 0.607421875 0.04296875 0.10546875
2 0.7685546875 0.6533203125 0.1337890625 0.2919921875
7 0.5029296875 0.8759765625 0.0732421875 0.12890625
