2 0.7421875 0.16796875 0.0224609375 0.0283203125
2 0.8251953125 0.2451171875 0.0341796875 0.0380859375
7 0.7548828125 0.2841796875 0.01953125 0.0478515625
2 0.8154296875 0.3310546875 0.068359375 0.076171875
7 0.587890625 0.380859375 0.0322265625 0.076171875
7 0.630859375 0.380859375 0.02734375 0.060546875
2 0.802734375 0.458984375 0.0908203125 0.1708984375
7 0.615234375 0.541015625 0.048828125 0.1015625
2 0.7685546875 0.6533203125 0.1337890625 0.2939453125
7 0.619140625 0.787109375 0.0576171875 0.1376953125
