3 0.3388671875 0.1416015625 0.0263671875 0.033203125
7 0.572265625 0.1640625 0.087890625 0.0869140625
2 0.0517578125 0.1982421875 0.07421875 0.0556640625
3 0.2333984375 0.2294921875 0.03125 0.0419921875
3 0.2880859375 0.396484375 0.0458984375 0.05859375
2 0.501953125 0.0419921875 0.0283203125 0.021484375
2 0.7392578125 0.470703125 0.2294921875 0.203125
2 0.55859375 0.0498046875 0.033203125 0.0283203125
3 0.34765625 0.5244140625 0.0576171875 0.0810546875
2 0.455078125 0.060546875 0.0244140625 0.01953125
2 0.43359375 0.0703125 0.041015625 0.03125
2 0.86328125 0.73046875 0.26953125 0.2646484375
3 0.34375 0.0830078125 0.0166015625 0.0224609375
2 0.51171875 0.0859375 0.041015625 0.03125
7 0.05078125 0.0888671875 0.0576171875 0.0458984375
