2 0.646484375 0.1279296875 0.029296875 0.0185546875
11 0.138671875 0.1806640625 0.0791015625 0.0654296875
7 0.2919921875 0.181640625 0.0146484375 0.0234375
2 0.66015625 0.193359375 0.0380859375 0.02734375
2 0.62109375 0.21484375 0.0546875 0.04296875
7 0.318359375 0.26953125 0.0244140625 0.041015625
11 0.4638671875 0.296875 0.0908203125 0.115234375
2 0.685546875 0.33203125 0.0927734375 0.0654296875
7 0.03515625 0.36328125 0.0283203125 0.037109375
2 0.8203125 0.53515625 0.20703125 0.1572265625
7 0.03515625 0.9130859375 0.0703125 0.150390625
