7 0.0556640625 0.1435546875 0.0244140625 0.029296875
11 0.5244140625 0.0166015625 0.0380859375 0.029296875
2 0.4951171875 0.162109375 0.0712890625 0.0625
11 0.779296875 0.265625 0.1904296875 0.1416015625
2 0.4755859375 0.0546875 0.0498046875 0.044921875
2 0.4140625 0.0546875 0.041015625 0.029296875
2 0.6083984375 0.5556640625 0.2314453125 0.2001953125
2 0.1845703125 0.0693359375 0.044921875 0.0322265625
2 0.2900390625 0.1162109375 0.0615234375 0.046875
11 0.4892578125 0.1181640625 0.0830078125 0.064453125
