2 0.7412109375 0.1689453125 0.0224609375 0.0302734375
2 0.8251953125 0.21875 0.033203125 0.037109375
2 0.8017578125 0.2763671875 0.0771484375 0.080078125
2 0.8134765625 0.3291015625 0.06640625 0.0751953125
3 0.6376953125 0.3330078125 0.0244140625 0.0625
2 0.7236328125 0.357421875 0.0888671875 0.1240234375
2 0.802734375 0.4423828125 0.08984375 0.1494140625
3 0.4755859375 0.55078125 0.048828125 0.123046875
3 0.3837890625 0.6103515625 0.0625 0.1220703125
2 0.7685546875 0.65234375 0.134765625 0.2919921875
3 0.4091796875 0.7080078125 0.0732421875 0.1787109375
