5 0.8193359375 0.35546875 0.05078125 0.0361328125
2 0.8525390625 0.388671875 0.04296875 0.033203125
2 0.9677734375 0.40234375 0.0478515625 0.0322265625
2 0.7392578125 0.404296875 0.04296875 0.0322265625
2 0.79296875 0.427734375 0.056640625 0.037109375
2 0.9814453125 0.4521484375 0.0361328125 0.041015625
2 0.87890625 0.4580078125 0.06640625 0.048828125
3 0.5693359375 0.470703125 0.0244140625 0.041015625
3 0.666015625 0.4765625 0.0234375 0.0361328125
3 0.802734375 0.482421875 0.03125 0.0458984375
3 0.7353515625 0.482421875 0.029296875 0.0400390625
3 0.986328125 0.5029296875 0.0244140625 0.044921875
3 0.751953125 0.5361328125 0.0400390625 0.0625
3 0.7509765625 0.546875 0.03125 0.037109375
3 0.8359375 0.5751953125 0.03515625 0.0517578125
3 0.970703125 0.666015625 0.0498046875 0.0751953125
2 0.685546875 0.681640625 0.1953125 0.1943359375
5 0.2744140625 0.6865234375 0.4658203125 0.373046875
3 0.509765625 0.728515625 0.0546875 0.0751953125
