2 0.7421875 0.1689453125 0.0205078125 0.0283203125
2 0.677734375 0.2236328125 0.0322265625 0.037109375
2 0.82421875 0.24609375 0.0341796875 0.0380859375
2 0.6953125 0.2666015625 0.0400390625 0.05859375
2 0.7626953125 0.2705078125 0.05078125 0.0673828125
2 0.814453125 0.326171875 0.064453125 0.091796875
7 0.7177734375 0.3271484375 0.0224609375 0.056640625
7 0.5869140625 0.337890625 0.0224609375 0.0625
2 0.802734375 0.4580078125 0.08984375 0.1748046875
7 0.634765625 0.5869140625 0.0537109375 0.0869140625
