2 0.7509765625 0.296875 0.0244140625 0.0166015625
2 0.6591796875 0.3056640625 0.0263671875 0.01953125
7 0.7978515625 0.3203125 0.0380859375 0.0380859375
2 0.7236328125 0.337890625 0.0400390625 0.0361328125
2 0.703125 0.361328125 0.0478515625 0.029296875
2 0.84375 0.369140625 0.0546875 0.0380859375
2 0.79296875 0.431640625 0.0830078125 0.056640625
3 0.13671875 0.5009765625 0.0380859375 0.046875
3 0.015625 0.5126953125 0.03125 0.0673828125
2 0.1904296875 0.6044921875 0.1650390625 0.0947265625
2 0.36328125 0.6572265625 0.201171875 0.1435546875
2 0.630859375 0.66796875 0.1572265625 0.119140625
