2 0.6591796875 0.16015625 0.0234375 0.017578125
2 0.6259765625 0.16015625 0.01953125 0.0126953125
2 0.5908203125 0.20703125 0.041015625 0.02734375
3 0.4814453125 0.21484375 0.013671875 0.0234375
3 0.26171875 0.228515625 0.021484375 0.0283203125
3 0.0751953125 0.271484375 0.021484375 0.0361328125
3 0.1923828125 0.275390625 0.021484375 0.029296875
3 0.1103515625 0.296875 0.0283203125 0.0361328125
2 0.546875 0.3017578125 0.076171875 0.060546875
3 0.0087890625 0.3779296875 0.017578125 0.048828125
2 0.7177734375 0.5341796875 0.2197265625 0.2294921875
