2 0.9716796875 0.267578125 0.052734375 0.0556640625
3 0.7099609375 0.279296875 0.0380859375 0.046875
2 0.572265625 0.30078125 0.1318359375 0.123046875
2 0.9765625 0.330078125 0.04296875 0.083984375
2 0.765625 0.333984375 0.119140625 0.0859375
3 0.4091796875 0.3515625 0.0478515625 0.068359375
3 0.875 0.359375 0.041015625 0.056640625
2 0.5810546875 0.3798828125 0.16015625 0.109375
3 0.154296875 0.4228515625 0.041015625 0.0546875
2 0.5849609375 0.4736328125 0.19140625 0.1455078125
3 0.935546875 0.4794921875 0.056640625 0.0732421875
3 0.0712890625 0.4833984375 0.056640625 0.0732421875
3 0.341796875 0.50390625 0.06640625 0.1005859375
3 0.2412109375 0.57421875 0.0693359375 0.0380859375
3 0.3916015625 0.6162109375 0.076171875 0.10546875
3 0.083984375 0.6337890625 0.0693359375 0.0947265625
2 0.228515625 0.6806640625 0.2666015625 0.1875
3 0.4833984375 0.7216796875 0.1005859375 0.1220703125
3 0.2099609375 0.8017578125 0.099609375 0.1376953125
3 0.427734375 0.83203125 0.1337890625 0.1220703125
3 0.9375 0.83984375 0.10546875 0.1142578125
3 0.6083984375 0.8916015625 0.1357421875 0.140625
2 0.2626953125 0.404296875 0.1982421875 0.1923828125
