2 0.7412109375 0.16796875 0.0224609375 0.0283203125
2 0.748046875 0.3076171875 0.0546875 0.0830078125
2 0.8134765625 0.3212890625 0.060546875 0.06640625
7 0.6201171875 0.3623046875 0.025390625 0.0712890625
2 0.8046875 0.443359375 0.08984375 0.150390625
7 0.5361328125 0.466796875 0.044921875 0.09765625
7 0.333984375 0.595703125 0.0634765625 0.125
7 0.6396484375 0.6455078125 0.04296875 0.115234375
2 0.7685546875 0.6533203125 0.134765625 0.2900390625
7 0.36328125 0.755859375 0.08984375 0.2197265625
