2 0.4892578125 0.16796875 0.04296875 0.02734375
2 0.615234375 0.2392578125 0.0625 0.0400390625
2 0.44921875 0.3017578125 0.0859375 0.0625
2 0.625 0.3056640625 0.099609375 0.08203125
3 0.314453125 0.3662109375 0.033203125 0.0419921875
3 0.396484375 0.3662109375 0.033203125 0.0458984375
3 0.13671875 0.3798828125 0.0380859375 0.041015625
3 0.7734375 0.38671875 0.04296875 0.0595703125
3 0.2216796875 0.388671875 0.033203125 0.044921875
3 0.2607421875 0.3916015625 0.041015625 0.078125
2 0.5771484375 0.3916015625 0.1220703125 0.0869140625
3 0.259765625 0.4072265625 0.033203125 0.0458984375
3 0.173828125 0.4375 0.0498046875 0.0458984375
3 0.4482421875 0.439453125 0.0498046875 0.07421875
3 0.3662109375 0.4482421875 0.0546875 0.0654296875
2 0.923828125 0.46875 0.1484375 0.150390625
3 0.03515625 0.470703125 0.041015625 0.0546875
2 0.208984375 0.51171875 0.1962890625 0.1279296875
3 0.6005859375 0.5576171875 0.078125 0.0859375
2 0.3544921875 0.716796875 0.29296875 0.2763671875
3 0.697265625 0.7333984375 0.0830078125 0.16015625
3 0.958984375 0.791015625 0.08203125 0.1328125
2 0.041015625 0.7998046875 0.08203125 0.228515625
