0 0.3232421875 0.53125 0.0830078125 0.2099609375
0 0.5263671875 0.5498046875 0.0830078125 0.2236328125
0 0.3876953125 0.5400390625 0.0693359375 0.216796875
0 0.212890625 0.5244140625 0.09375 0.2392578125
0 0.474609375 0.5498046875 0.0849609375 0.2412109375
0 0.4228515625 0.5615234375 0.0830078125 0.2568359375
0 0.7373046875 0.6162109375 0.1044921875 0.2861328125
0 0.90625 0.6630859375 0.142578125 0.341796875
0 0.0810546875 0.62109375 0.162109375 0.5390625
0 0.5908203125 0.7041015625 0.236328125 0.5869140625
